ID	DS1	DS2	DS3	DS4	DS5	DS6
1	0.91	0.024	0.017	0.04	0.009	0	
2	0.972	0.007	0.002	0.018	0.001	0	
3	0.935	0.002	0.002	0.057	0.004	0	
4	0.886	0.036	0.02	0.054	0.004	0	
5	0.953	0.004	0.002	0.039	0.001	0.001	
6	0.962	0.002	0.004	0.03	0.002	0	
7	0.978	0.008	0.003	0.011	0	0	
8	0.956	0.002	0.004	0.036	0.002	0	
9	0.722	0.01	0.009	0.201	0.044	0.014	
10	0.789	0.018	0.015	0.156	0.017	0.005	
11	0.777	0.01	0.01	0.168	0.029	0.006	
12	0.747	0.01	0.008	0.196	0.03	0.009	
13	0.812	0.01	0.013	0.14	0.02	0.005	
14	0.847	0.01	0.006	0.121	0.013	0.003	
15	0.828	0.005	0.012	0.132	0.019	0.004	
16	0.853	0.007	0.012	0.114	0.012	0.002	
17	0.673	0.015	0.012	0.221	0.058	0.021	
18	0.741	0.009	0.007	0.205	0.03	0.008	
19	0.739	0.008	0.009	0.194	0.04	0.01	
20	0.682	0.017	0.01	0.23	0.045	0.016	
21	0.779	0.007	0.012	0.164	0.032	0.006	
22	0.804	0.003	0.009	0.154	0.024	0.006	
23	0.786	0.01	0.012	0.156	0.029	0.007	
24	0.804	0.01	0.009	0.153	0.02	0.004	
25	0.64	0.015	0.017	0.238	0.067	0.023	
26	0.71	0.014	0.009	0.217	0.039	0.011	
27	0.715	0.012	0.008	0.21	0.043	0.012	
28	0.639	0.016	0.017	0.25	0.057	0.021	
29	0.751	0.011	0.01	0.179	0.04	0.009	
30	0.762	0.013	0.012	0.177	0.023	0.013	
31	0.757	0.009	0.013	0.172	0.038	0.011	
32	0.774	0.014	0.009	0.172	0.024	0.007	
33	0.619	0.015	0.011	0.265	0.063	0.027	
34	0.681	0.021	0.011	0.232	0.044	0.011	
35	0.697	0.018	0.01	0.217	0.044	0.014	
36	0.605	0.014	0.024	0.271	0.061	0.025	
37	0.74	0.012	0.009	0.184	0.045	0.01	
38	0.737	0.013	0.009	0.196	0.031	0.014	
39	0.748	0.008	0.009	0.179	0.043	0.013	
40	0.741	0.015	0.011	0.193	0.028	0.012	
41	0.612	0.011	0.012	0.273	0.064	0.028	
42	0.663	0.012	0.019	0.244	0.051	0.011	
43	0.69	0.013	0.012	0.227	0.046	0.012	
44	0.582	0.016	0.01	0.297	0.067	0.028	
45	0.728	0.016	0.008	0.194	0.044	0.01	
46	0.717	0.013	0.017	0.201	0.037	0.015	
47	0.729	0.014	0.012	0.189	0.042	0.014	
48	0.722	0.016	0.017	0.199	0.033	0.013	
49	0.602	0.008	0.015	0.283	0.064	0.028	
50	0.648	0.013	0.014	0.258	0.055	0.012	
51	0.684	0.015	0.015	0.229	0.043	0.014	
52	0.567	0.019	0.022	0.292	0.073	0.027	
53	0.719	0.017	0.014	0.197	0.041	0.012	
54	0.711	0.012	0.011	0.211	0.039	0.016	
55	0.717	0.01	0.01	0.203	0.044	0.016	
56	0.712	0.015	0.017	0.208	0.036	0.012	
57	0.599	0.015	0.015	0.281	0.059	0.031	
58	0.642	0.011	0.018	0.265	0.051	0.013	
59	0.696	0.01	0.006	0.232	0.044	0.012	
60	0.559	0.021	0.02	0.301	0.073	0.026	
61	0.719	0.009	0.014	0.202	0.044	0.012	
62	0.702	0.01	0.015	0.214	0.042	0.017	
63	0.711	0.012	0.011	0.203	0.048	0.015	
64	0.707	0.014	0.019	0.213	0.038	0.009	
65	0.593	0.022	0.011	0.286	0.059	0.029	
66	0.649	0.016	0.013	0.26	0.048	0.014	
67	0.688	0.018	0.007	0.236	0.04	0.011	
68	0.567	0.012	0.02	0.303	0.07	0.028	
69	0.711	0.014	0.007	0.209	0.046	0.013	
70	0.696	0.013	0.015	0.216	0.045	0.015	
71	0.7	0.016	0.012	0.21	0.045	0.017	
72	0.704	0.011	0.017	0.216	0.043	0.009	
73	0.595	0.013	0.01	0.295	0.058	0.029	
74	0.657	0.009	0.018	0.254	0.05	0.012	
75	0.679	0.016	0.009	0.244	0.039	0.013	
76	0.57	0.02	0.012	0.309	0.059	0.03	
77	0.69	0.015	0.021	0.215	0.046	0.013	
78	0.695	0.015	0.015	0.216	0.043	0.016	
79	0.683	0.01	0.014	0.227	0.047	0.019	
80	0.7	0.017	0.016	0.216	0.043	0.008	
81	0.567	0.016	0.017	0.305	0.066	0.029	
82	0.648	0.023	0.013	0.256	0.048	0.012	
83	0.664	0.01	0.021	0.25	0.044	0.011	
84	0.558	0.025	0.015	0.309	0.063	0.03	
85	0.669	0.019	0.019	0.234	0.047	0.012	
86	0.686	0.019	0.017	0.218	0.042	0.018	
87	0.666	0.014	0.009	0.242	0.05	0.019	
88	0.693	0.016	0.019	0.221	0.042	0.009	
89	0.525	0.027	0.017	0.331	0.071	0.029	
90	0.645	0.013	0.019	0.262	0.046	0.015	
91	0.652	0.02	0.009	0.264	0.045	0.01	
92	0.553	0.021	0.014	0.318	0.064	0.03	
93	0.651	0.017	0.021	0.255	0.046	0.01	
94	0.673	0.016	0.02	0.231	0.042	0.018	
95	0.656	0.014	0.015	0.25	0.051	0.014	
96	0.695	0.018	0.017	0.224	0.039	0.007	
97	0.478	0.033	0.019	0.357	0.084	0.029	
98	0.617	0.02	0.013	0.284	0.052	0.014	
99	0.617	0.019	0.018	0.285	0.052	0.009	
100	0.519	0.02	0.023	0.326	0.082	0.03	
101	0.64	0.014	0.019	0.271	0.047	0.009	
102	0.665	0.007	0.011	0.252	0.048	0.017	
103	0.642	0.01	0.019	0.262	0.055	0.012	
104	0.688	0.015	0.018	0.234	0.037	0.008	
105	0.441	0.025	0.02	0.384	0.094	0.036	
106	0.578	0.016	0.021	0.302	0.065	0.018	
107	0.573	0.021	0.022	0.321	0.053	0.01	
108	0.485	0.021	0.013	0.338	0.105	0.038	
109	0.622	0.02	0.016	0.286	0.049	0.007	
110	0.629	0.012	0.014	0.275	0.054	0.016	
111	0.623	0.017	0.015	0.269	0.064	0.012	
112	0.655	0.015	0.016	0.263	0.043	0.008	
113	0.41	0.022	0.019	0.4	0.108	0.041	
114	0.531	0.011	0.022	0.332	0.084	0.02	
115	0.537	0.019	0.019	0.347	0.067	0.011	
116	0.429	0.02	0.021	0.364	0.122	0.044	
117	0.599	0.024	0.014	0.311	0.043	0.009	
118	0.601	0.023	0.013	0.285	0.064	0.014	
119	0.61	0.024	0.011	0.284	0.06	0.011	
120	0.632	0.014	0.017	0.284	0.045	0.008	
121	0.379	0.02	0.015	0.401	0.128	0.057	
122	0.474	0.018	0.019	0.366	0.096	0.027	
123	0.491	0.027	0.019	0.365	0.085	0.013	
124	0.388	0.019	0.021	0.373	0.134	0.065	
125	0.575	0.022	0.017	0.324	0.051	0.011	
126	0.583	0.015	0.017	0.296	0.076	0.013	
127	0.595	0.02	0.014	0.289	0.07	0.012	
128	0.613	0.018	0.013	0.297	0.05	0.009	
129	0.369	0.018	0.016	0.399	0.134	0.064	
130	0.453	0.017	0.017	0.374	0.107	0.032	
131	0.469	0.027	0.016	0.381	0.086	0.021	
132	0.368	0.012	0.013	0.389	0.145	0.073	
133	0.572	0.022	0.013	0.33	0.051	0.012	
134	0.564	0.018	0.014	0.306	0.084	0.014	
135	0.596	0.006	0.022	0.295	0.069	0.012	
136	0.598	0.016	0.02	0.306	0.051	0.009	
137	0.366	0.016	0.014	0.401	0.134	0.069	
138	0.443	0.016	0.019	0.377	0.105	0.04	
139	0.468	0.017	0.022	0.376	0.092	0.025	
140	0.36	0.011	0.019	0.384	0.149	0.077	
141	0.586	0.021	0.021	0.312	0.05	0.01	
142	0.559	0.013	0.019	0.315	0.081	0.013	
143	0.599	0.013	0.016	0.296	0.062	0.014	
144	0.603	0.014	0.024	0.3	0.05	0.009	
145	0.377	0.011	0.026	0.386	0.136	0.064	
146	0.447	0.015	0.019	0.38	0.1	0.039	
147	0.474	0.02	0.018	0.373	0.091	0.024	
148	0.361	0.017	0.017	0.381	0.15	0.074	
149	0.617	0.014	0.016	0.302	0.042	0.009	
150	0.567	0.017	0.015	0.312	0.076	0.013	
151	0.615	0.016	0.015	0.282	0.062	0.01	
152	0.619	0.024	0.02	0.289	0.042	0.006	
153	0.394	0.018	0.017	0.379	0.13	0.062	
154	0.458	0.017	0.014	0.376	0.096	0.039	
155	0.492	0.012	0.018	0.365	0.09	0.023	
156	0.371	0.016	0.019	0.375	0.149	0.07	
157	0.639	0.016	0.011	0.291	0.036	0.007	
158	0.585	0.015	0.012	0.312	0.064	0.012	
159	0.633	0.016	0.021	0.268	0.055	0.007	
160	0.654	0.009	0.021	0.276	0.036	0.004	
161	0.417	0.015	0.019	0.367	0.125	0.057	
162	0.478	0.015	0.014	0.365	0.095	0.033	
163	0.503	0.016	0.02	0.355	0.085	0.021	
164	0.39	0.017	0.014	0.38	0.136	0.063	
165	0.665	0.014	0.018	0.268	0.03	0.005	
166	0.605	0.018	0.018	0.301	0.048	0.01	
167	0.661	0.018	0.016	0.256	0.043	0.006	
168	0.676	0.018	0.017	0.263	0.022	0.004	
169	0.444	0.019	0.019	0.351	0.122	0.045	
170	0.502	0.015	0.016	0.362	0.079	0.026	
171	0.528	0.023	0.017	0.341	0.072	0.019	
172	0.415	0.022	0.016	0.372	0.118	0.057	
173	0.711	0.017	0.015	0.237	0.016	0.004	
174	0.645	0.023	0.018	0.27	0.035	0.009	
175	0.704	0.017	0.015	0.228	0.031	0.005	
176	0.724	0.016	0.016	0.226	0.017	0.001	
177	0.477	0.015	0.015	0.348	0.108	0.037	
178	0.527	0.016	0.017	0.343	0.08	0.017	
179	0.565	0.02	0.014	0.324	0.063	0.014	
180	0.442	0.022	0.021	0.354	0.115	0.046	
181	0.755	0.017	0.017	0.196	0.015	0	
182	0.699	0.013	0.012	0.249	0.023	0.004	
183	0.75	0.013	0.008	0.208	0.02	0.001	
184	0.766	0.016	0.022	0.185	0.011	0	
185	0.548	0.02	0.016	0.325	0.073	0.018	
186	0.596	0.015	0.022	0.307	0.05	0.01	
187	0.654	0.013	0.012	0.278	0.038	0.005	
188	0.522	0.009	0.019	0.337	0.092	0.021	
189	0.842	0.011	0.01	0.133	0.004	0	
190	0.755	0.017	0.014	0.197	0.014	0.003	
191	0.813	0.007	0.007	0.167	0.005	0.001	
192	0.853	0.008	0.012	0.123	0.004	0	
193	0.823	0.057	0.038	0.08	0.002	0	
194	0.809	0.049	0.02	0.113	0.007	0.002	
195	0.775	0.006	0.008	0.176	0.03	0.005	
196	0.635	0.111	0.063	0.177	0.013	0.001	
197	0.884	0.005	0.008	0.092	0.008	0.003	
198	0.818	0.02	0.022	0.13	0.009	0.001	
199	0.894	0.042	0.018	0.045	0.001	0	
200	0.845	0.018	0.01	0.123	0.004	0	
