ID	DS1	DS2	DS3	DS4	DS5	DS6
1	0.895	0.017	0.014	0.064	0.006	0.004	
2	0.968	0.003	0.004	0.023	0.002	0	
3	0.91	0.004	0.01	0.067	0.008	0.001	
4	0.858	0.033	0.02	0.083	0.006	0	
5	0.927	0.005	0.004	0.058	0.006	0	
6	0.957	0.001	0.009	0.032	0.001	0	
7	0.971	0.005	0.007	0.017	0	0	
8	0.95	0.009	0.005	0.033	0.003	0	
9	0.688	0.01	0.011	0.233	0.038	0.02	
10	0.772	0.01	0.01	0.175	0.026	0.007	
11	0.766	0.01	0.008	0.177	0.034	0.005	
12	0.71	0.016	0.015	0.213	0.035	0.011	
13	0.779	0.016	0.014	0.16	0.022	0.009	
14	0.812	0.011	0.012	0.148	0.015	0.002	
15	0.802	0.008	0.012	0.147	0.022	0.009	
16	0.816	0.014	0.013	0.133	0.02	0.004	
17	0.625	0.023	0.016	0.264	0.048	0.024	
18	0.702	0.016	0.019	0.208	0.041	0.014	
19	0.69	0.013	0.017	0.231	0.039	0.01	
20	0.652	0.009	0.013	0.249	0.061	0.016	
21	0.732	0.016	0.011	0.205	0.026	0.01	
22	0.744	0.014	0.012	0.191	0.032	0.007	
23	0.756	0.006	0.018	0.173	0.033	0.014	
24	0.753	0.02	0.011	0.189	0.021	0.006	
25	0.595	0.011	0.014	0.299	0.064	0.017	
26	0.661	0.014	0.016	0.257	0.039	0.013	
27	0.659	0.021	0.017	0.237	0.049	0.017	
28	0.604	0.018	0.015	0.29	0.052	0.021	
29	0.714	0.015	0.01	0.215	0.034	0.012	
30	0.708	0.013	0.013	0.207	0.046	0.013	
31	0.724	0.01	0.005	0.216	0.031	0.014	
32	0.711	0.013	0.014	0.221	0.03	0.011	
33	0.579	0.017	0.014	0.29	0.071	0.029	
34	0.64	0.017	0.009	0.275	0.051	0.008	
35	0.653	0.011	0.012	0.26	0.046	0.018	
36	0.579	0.016	0.012	0.3	0.07	0.023	
37	0.683	0.016	0.014	0.236	0.038	0.013	
38	0.694	0.016	0.011	0.223	0.045	0.011	
39	0.697	0.024	0.009	0.22	0.038	0.012	
40	0.692	0.017	0.016	0.226	0.04	0.009	
41	0.562	0.02	0.027	0.31	0.053	0.028	
42	0.619	0.021	0.02	0.282	0.047	0.011	
43	0.658	0.02	0.011	0.255	0.041	0.015	
44	0.543	0.023	0.012	0.312	0.08	0.03	
45	0.663	0.022	0.013	0.252	0.039	0.011	
46	0.655	0.018	0.019	0.256	0.034	0.018	
47	0.686	0.011	0.014	0.231	0.04	0.018	
48	0.662	0.013	0.018	0.266	0.034	0.007	
49	0.554	0.017	0.013	0.321	0.065	0.03	
50	0.624	0.014	0.008	0.296	0.045	0.013	
51	0.674	0.02	0.016	0.237	0.037	0.016	
52	0.557	0.018	0.017	0.322	0.062	0.024	
53	0.64	0.012	0.017	0.273	0.044	0.014	
54	0.667	0.018	0.019	0.25	0.031	0.015	
55	0.671	0.015	0.005	0.241	0.051	0.017	
56	0.653	0.018	0.019	0.264	0.035	0.011	
57	0.547	0.014	0.017	0.319	0.068	0.035	
58	0.599	0.019	0.011	0.31	0.05	0.011	
59	0.648	0.02	0.016	0.267	0.039	0.01	
60	0.533	0.014	0.014	0.333	0.078	0.028	
61	0.676	0.016	0.011	0.245	0.041	0.011	
62	0.666	0.021	0.007	0.249	0.045	0.012	
63	0.669	0.014	0.007	0.248	0.044	0.018	
64	0.655	0.021	0.024	0.246	0.047	0.007	
65	0.573	0.014	0.014	0.31	0.065	0.024	
66	0.624	0.014	0.016	0.287	0.05	0.009	
67	0.664	0.02	0.013	0.246	0.046	0.011	
68	0.538	0.011	0.019	0.34	0.065	0.027	
69	0.659	0.014	0.016	0.256	0.042	0.013	
70	0.662	0.014	0.017	0.254	0.038	0.015	
71	0.657	0.014	0.013	0.258	0.043	0.015	
72	0.642	0.013	0.02	0.269	0.046	0.01	
73	0.555	0.014	0.014	0.321	0.077	0.019	
74	0.607	0.017	0.016	0.301	0.049	0.01	
75	0.643	0.02	0.016	0.272	0.036	0.013	
76	0.56	0.018	0.019	0.304	0.073	0.026	
77	0.614	0.016	0.012	0.285	0.054	0.019	
78	0.634	0.018	0.015	0.275	0.044	0.014	
79	0.64	0.014	0.02	0.266	0.044	0.016	
80	0.666	0.019	0.021	0.253	0.035	0.006	
81	0.529	0.013	0.013	0.357	0.062	0.026	
82	0.605	0.022	0.017	0.301	0.038	0.017	
83	0.635	0.015	0.016	0.276	0.045	0.013	
84	0.536	0.026	0.014	0.326	0.075	0.023	
85	0.611	0.012	0.012	0.301	0.05	0.014	
86	0.649	0.018	0.012	0.263	0.047	0.011	
87	0.63	0.013	0.011	0.271	0.061	0.014	
88	0.66	0.018	0.017	0.267	0.027	0.011	
89	0.484	0.019	0.016	0.38	0.073	0.028	
90	0.604	0.022	0.021	0.296	0.044	0.013	
91	0.624	0.016	0.018	0.282	0.045	0.015	
92	0.517	0.018	0.01	0.347	0.079	0.029	
93	0.578	0.026	0.021	0.319	0.045	0.011	
94	0.621	0.018	0.016	0.284	0.048	0.013	
95	0.597	0.02	0.013	0.315	0.045	0.01	
96	0.627	0.007	0.023	0.307	0.031	0.005	
97	0.45	0.023	0.02	0.392	0.088	0.027	
98	0.597	0.023	0.01	0.296	0.062	0.012	
99	0.57	0.024	0.019	0.346	0.036	0.005	
100	0.475	0.024	0.021	0.362	0.09	0.028	
101	0.57	0.028	0.01	0.335	0.047	0.01	
102	0.607	0.021	0.02	0.283	0.053	0.016	
103	0.596	0.021	0.024	0.298	0.05	0.011	
104	0.621	0.024	0.012	0.299	0.035	0.009	
105	0.401	0.029	0.022	0.41	0.109	0.029	
106	0.559	0.016	0.015	0.334	0.061	0.015	
107	0.534	0.019	0.027	0.37	0.038	0.012	
108	0.465	0.021	0.019	0.366	0.089	0.04	
109	0.55	0.022	0.018	0.352	0.051	0.007	
110	0.576	0.02	0.022	0.305	0.06	0.017	
111	0.56	0.016	0.025	0.338	0.048	0.013	
112	0.606	0.027	0.02	0.297	0.039	0.011	
113	0.376	0.022	0.02	0.422	0.11	0.05	
114	0.505	0.018	0.017	0.359	0.072	0.029	
115	0.517	0.019	0.021	0.386	0.043	0.014	
116	0.415	0.024	0.01	0.391	0.111	0.049	
117	0.559	0.024	0.02	0.347	0.042	0.008	
118	0.576	0.013	0.014	0.326	0.054	0.017	
119	0.554	0.017	0.017	0.336	0.066	0.01	
120	0.575	0.02	0.029	0.323	0.043	0.01	
121	0.357	0.019	0.024	0.432	0.113	0.055	
122	0.461	0.022	0.019	0.367	0.094	0.037	
123	0.494	0.022	0.014	0.385	0.074	0.011	
124	0.354	0.017	0.023	0.4	0.135	0.071	
125	0.54	0.024	0.015	0.347	0.056	0.018	
126	0.53	0.019	0.015	0.35	0.069	0.017	
127	0.559	0.009	0.019	0.347	0.053	0.013	
128	0.597	0.023	0.016	0.303	0.051	0.01	
129	0.337	0.022	0.021	0.389	0.169	0.062	
130	0.434	0.022	0.019	0.383	0.103	0.039	
131	0.464	0.016	0.015	0.397	0.077	0.031	
132	0.374	0.026	0.022	0.37	0.139	0.069	
133	0.533	0.025	0.018	0.359	0.05	0.015	
134	0.54	0.018	0.02	0.335	0.061	0.026	
135	0.562	0.013	0.024	0.317	0.062	0.022	
136	0.577	0.02	0.024	0.316	0.052	0.011	
137	0.333	0.022	0.012	0.407	0.138	0.088	
138	0.398	0.021	0.02	0.419	0.101	0.041	
139	0.448	0.023	0.027	0.389	0.085	0.028	
140	0.358	0.012	0.013	0.386	0.163	0.068	
141	0.536	0.025	0.018	0.351	0.052	0.018	
142	0.526	0.024	0.015	0.364	0.061	0.01	
143	0.558	0.019	0.019	0.323	0.069	0.012	
144	0.576	0.015	0.018	0.33	0.049	0.012	
145	0.361	0.023	0.016	0.389	0.136	0.075	
146	0.402	0.021	0.024	0.418	0.093	0.042	
147	0.456	0.017	0.02	0.409	0.076	0.022	
148	0.331	0.016	0.017	0.391	0.165	0.08	
149	0.586	0.02	0.018	0.318	0.042	0.016	
150	0.544	0.019	0.02	0.336	0.066	0.015	
151	0.575	0.019	0.019	0.315	0.06	0.012	
152	0.578	0.026	0.028	0.312	0.051	0.005	
153	0.363	0.021	0.017	0.393	0.139	0.067	
154	0.424	0.014	0.022	0.412	0.09	0.038	
155	0.464	0.021	0.024	0.377	0.086	0.028	
156	0.352	0.016	0.017	0.405	0.137	0.073	
157	0.596	0.013	0.013	0.327	0.043	0.008	
158	0.54	0.015	0.023	0.343	0.057	0.022	
159	0.625	0.014	0.015	0.278	0.054	0.014	
160	0.603	0.025	0.023	0.312	0.03	0.007	
161	0.393	0.017	0.009	0.402	0.117	0.062	
162	0.448	0.02	0.029	0.371	0.098	0.034	
163	0.466	0.021	0.013	0.378	0.099	0.023	
164	0.377	0.021	0.018	0.385	0.141	0.058	
165	0.618	0.022	0.018	0.311	0.026	0.005	
166	0.597	0.027	0.019	0.295	0.053	0.009	
167	0.621	0.02	0.013	0.293	0.036	0.017	
168	0.634	0.017	0.02	0.295	0.033	0.001	
169	0.435	0.018	0.015	0.369	0.111	0.052	
170	0.485	0.016	0.024	0.355	0.081	0.039	
171	0.504	0.023	0.022	0.363	0.069	0.019	
172	0.397	0.018	0.021	0.383	0.126	0.055	
173	0.683	0.023	0.016	0.257	0.019	0.002	
174	0.625	0.027	0.015	0.292	0.036	0.005	
175	0.707	0.016	0.017	0.222	0.032	0.006	
176	0.721	0.017	0.017	0.227	0.016	0.002	
177	0.417	0.016	0.018	0.398	0.106	0.045	
178	0.493	0.017	0.028	0.353	0.079	0.03	
179	0.547	0.023	0.019	0.339	0.055	0.017	
180	0.413	0.018	0.025	0.372	0.114	0.058	
181	0.744	0.019	0.011	0.204	0.021	0.001	
182	0.686	0.015	0.013	0.251	0.029	0.006	
183	0.74	0.013	0.012	0.2	0.027	0.008	
184	0.751	0.015	0.012	0.206	0.015	0.001	
185	0.512	0.025	0.013	0.361	0.069	0.02	
186	0.549	0.025	0.026	0.34	0.051	0.009	
187	0.617	0.02	0.026	0.301	0.029	0.007	
188	0.491	0.025	0.015	0.352	0.088	0.029	
189	0.845	0.013	0.011	0.122	0.009	0	
190	0.747	0.02	0.016	0.203	0.012	0.002	
191	0.802	0.014	0.01	0.163	0.01	0.001	
192	0.828	0.022	0.008	0.141	0.001	0	
193	0.804	0.054	0.048	0.092	0.001	0.001	
194	0.727	0.063	0.03	0.167	0.012	0.001	
195	0.682	0.024	0.025	0.225	0.037	0.007	
196	0.52	0.079	0.066	0.315	0.017	0.003	
197	0.844	0.011	0.009	0.118	0.015	0.003	
198	0.764	0.032	0.024	0.168	0.011	0.001	
199	0.86	0.039	0.026	0.072	0.003	0	
200	0.772	0.051	0.022	0.148	0.007	0	
