配构件编号：	1
Floor	DS1	DS2	DS3	DS4
1	0.99	0.01	0	0	
2	0.991	0.009	0	0	
3	0.978	0.022	0	0	
4	0.971	0.029	0	0	
5	0.966	0.033	0.001	0	
6	0.966	0.033	0.001	0	
7	0.954	0.045	0.001	0	
8	0.951	0.048	0.001	0	
9	0.938	0.06	0.002	0	
10	0.936	0.062	0.001	0.001	
11	0.939	0.059	0.001	0.001	
12	0.943	0.055	0.001	0.001	
13	0.944	0.055	0	0.001	
14	0.947	0.051	0.001	0.001	
15	0.95	0.047	0.002	0.001	
16	0.957	0.041	0.001	0.001	
17	0.968	0.03	0.001	0.001	
18	0.972	0.027	0	0.001	
19	0.977	0.022	0.001	0	
20	0.981	0.019	0	0	
21	0.981	0.019	0	0	
22	0.98	0.02	0	0	
23	0.974	0.026	0	0	
24	0.958	0.042	0	0	
25	0.944	0.055	0.001	0	


配构件编号：	2
Floor	DS1	DS2	DS3	DS4
1	0.877	0.123	0	0	
2	0.888	0.112	0	0	
3	0.896	0.104	0	0	
4	0.878	0.122	0	0	
5	0.879	0.121	0	0	
6	0.877	0.123	0	0	
7	0.869	0.131	0	0	
8	0.855	0.145	0	0	
9	0.845	0.155	0	0	
10	0.838	0.162	0	0	
11	0.843	0.157	0	0	
12	0.847	0.153	0	0	
13	0.849	0.151	0	0	
14	0.856	0.144	0	0	
15	0.865	0.135	0	0	
16	0.878	0.122	0	0	
17	0.897	0.103	0	0	
18	0.91	0.09	0	0	
19	0.924	0.076	0	0	
20	0.929	0.071	0	0	
21	0.927	0.073	0	0	
22	0.926	0.074	0	0	
23	0.904	0.096	0	0	
24	0.865	0.135	0	0	
25	0.825	0.175	0	0	


配构件编号：	3
Floor	DS1	DS2	DS3	DS4
1	0.54	0.46	0	0	
2	0.58	0.42	0	0	
3	0.612	0.388	0	0	
4	0.591	0.409	0	0	
5	0.596	0.404	0	0	
6	0.573	0.427	0	0	
7	0.563	0.437	0	0	
8	0.55	0.45	0	0	
9	0.538	0.462	0	0	
10	0.533	0.467	0	0	
11	0.528	0.472	0	0	
12	0.538	0.462	0	0	
13	0.552	0.448	0	0	
14	0.567	0.433	0	0	
15	0.589	0.411	0	0	
16	0.615	0.385	0	0	
17	0.645	0.355	0	0	
18	0.686	0.314	0	0	
19	0.733	0.267	0	0	
20	0.744	0.256	0	0	
21	0.726	0.274	0	0	
22	0.703	0.297	0	0	
23	0.64	0.36	0	0	
24	0.577	0.423	0	0	
25	0.525	0.475	0	0	


配构件编号：	4
Floor	DS1	DS2	DS3	DS4
1	1	0	0	0	
2	1	0	0	0	
3	1	0	0	0	
4	0.998	0.002	0	0	
5	0.999	0.001	0	0	
6	0.998	0.002	0	0	
7	0.998	0.002	0	0	
8	0.997	0.003	0	0	
9	0.995	0.005	0	0	
10	0.995	0.005	0	0	
11	0.994	0.006	0	0	
12	0.996	0.004	0	0	
13	0.996	0.004	0	0	
14	0.995	0.005	0	0	
15	0.996	0.004	0	0	
16	0.996	0.004	0	0	
17	0.996	0.004	0	0	
18	0.998	0.002	0	0	
19	0.998	0.002	0	0	
20	0.998	0.002	0	0	
21	0.999	0.001	0	0	
22	0.999	0.001	0	0	
23	0.998	0.002	0	0	
24	0.998	0.002	0	0	
25	0.997	0.003	0	0	


配构件编号：	5
Floor	DS1	DS2	DS3	DS4
1	1	0	0	0	
2	1	0	0	0	
3	1	0	0	0	
4	1	0	0	0	
5	1	0	0	0	
6	1	0	0	0	
7	1	0	0	0	
8	0.999	0.001	0	0	
9	0.999	0.001	0	0	
10	0.999	0.001	0	0	
11	0.999	0.001	0	0	
12	0.999	0.001	0	0	
13	0.999	0.001	0	0	
14	0.999	0.001	0	0	
15	0.999	0.001	0	0	
16	1	0	0	0	
17	1	0	0	0	
18	1	0	0	0	
19	1	0	0	0	
20	1	0	0	0	
21	1	0	0	0	
22	1	0	0	0	
23	0.999	0.001	0	0	
24	0.999	0.001	0	0	
25	0.999	0.001	0	0	


配构件编号：	6
Floor	DS1	DS2	DS3	DS4
1	0.986	0.014	0	0	
2	0.99	0.01	0	0	
3	0.984	0.016	0	0	
4	0.978	0.022	0	0	
5	0.98	0.02	0	0	
6	0.98	0.02	0	0	
7	0.975	0.025	0	0	
8	0.975	0.025	0	0	
9	0.972	0.027	0.001	0	
10	0.971	0.029	0	0	
11	0.971	0.029	0	0	
12	0.972	0.028	0	0	
13	0.971	0.029	0	0	
14	0.973	0.027	0	0	
15	0.974	0.026	0	0	
16	0.976	0.024	0	0	
17	0.985	0.015	0	0	
18	0.986	0.014	0	0	
19	0.987	0.013	0	0	
20	0.988	0.012	0	0	
21	0.989	0.011	0	0	
22	0.987	0.013	0	0	
23	0.981	0.019	0	0	
24	0.978	0.021	0.001	0	
25	0.973	0.026	0.001	0	


配构件编号：	7
Floor	DS1	DS2	DS3	DS4
1	0.768	0.22	0.012	0	
2	0.788	0.206	0.006	0	
3	0.809	0.174	0.017	0	
4	0.79	0.19	0.02	0	
5	0.778	0.204	0.018	0	
6	0.776	0.204	0.02	0	
7	0.768	0.212	0.02	0	
8	0.754	0.221	0.025	0	
9	0.736	0.235	0.029	0	
10	0.734	0.235	0.031	0	
11	0.735	0.236	0.029	0	
12	0.749	0.222	0.029	0	
13	0.746	0.226	0.028	0	
14	0.759	0.214	0.027	0	
15	0.771	0.203	0.026	0	
16	0.802	0.176	0.022	0	
17	0.824	0.159	0.017	0	
18	0.847	0.14	0.013	0	
19	0.872	0.116	0.012	0	
20	0.875	0.115	0.01	0	
21	0.861	0.13	0.009	0	
22	0.849	0.14	0.011	0	
23	0.826	0.158	0.016	0	
24	0.78	0.197	0.023	0	
25	0.723	0.245	0.032	0	


配构件编号：	8
Floor	DS1	DS2	DS3	DS4
1	0.993	0.007	0	0	
2	0.992	0.008	0	0	
3	0.99	0.01	0	0	
4	0.985	0.015	0	0	
5	0.984	0.016	0	0	
6	0.984	0.016	0	0	
7	0.98	0.019	0.001	0	
8	0.975	0.024	0.001	0	
9	0.971	0.028	0.001	0	
10	0.972	0.027	0.001	0	
11	0.971	0.028	0.001	0	
12	0.972	0.027	0.001	0	
13	0.972	0.027	0.001	0	
14	0.976	0.023	0.001	0	
15	0.977	0.022	0.001	0	
16	0.982	0.017	0.001	0	
17	0.985	0.014	0.001	0	
18	0.987	0.013	0	0	
19	0.991	0.009	0	0	
20	0.992	0.008	0	0	
21	0.991	0.009	0	0	
22	0.99	0.01	0	0	
23	0.986	0.014	0	0	
24	0.982	0.018	0	0	
25	0.976	0.023	0.001	0	


配构件编号：	9
Floor	DS1	DS2	DS3	DS4
1	1	0	0	0	
2	1	0	0	0	
3	1	0	0	0	
4	1	0	0	0	
5	0.999	0.001	0	0	
6	0.999	0.001	0	0	
7	0.999	0.001	0	0	
8	0.998	0.002	0	0	
9	0.998	0.002	0	0	
10	0.998	0.002	0	0	
11	0.998	0.002	0	0	
12	0.998	0.002	0	0	
13	0.998	0.002	0	0	
14	0.998	0.002	0	0	
15	0.998	0.002	0	0	
16	0.998	0.002	0	0	
17	0.999	0.001	0	0	
18	1	0	0	0	
19	1	0	0	0	
20	1	0	0	0	
21	1	0	0	0	
22	1	0	0	0	
23	1	0	0	0	
24	1	0	0	0	
25	0.999	0.001	0	0	


配构件编号：	10
Floor	DS1	DS2	DS3	DS4
1	0.991	0.009	0	0	
2	0.99	0.01	0	0	
3	0.988	0.012	0	0	
4	0.987	0.013	0	0	
5	0.988	0.012	0	0	
6	0.986	0.014	0	0	
7	0.984	0.016	0	0	
8	0.982	0.018	0	0	
9	0.976	0.024	0	0	
10	0.978	0.022	0	0	
11	0.98	0.02	0	0	
12	0.979	0.021	0	0	
13	0.979	0.021	0	0	
14	0.98	0.02	0	0	
15	0.98	0.02	0	0	
16	0.983	0.017	0	0	
17	0.988	0.012	0	0	
18	0.994	0.006	0	0	
19	0.994	0.006	0	0	
20	0.992	0.008	0	0	
21	0.992	0.008	0	0	
22	0.992	0.008	0	0	
23	0.988	0.012	0	0	
24	0.985	0.015	0	0	
25	0.975	0.025	0	0	


配构件编号：	11
Floor	DS1	DS2	DS3	DS4
1	0.78	0.198	0.022	0	
2	0.798	0.182	0.02	0	
3	0.805	0.179	0.016	0	
4	0.792	0.188	0.02	0	
5	0.788	0.188	0.024	0	
6	0.78	0.195	0.025	0	
7	0.765	0.208	0.027	0	
8	0.751	0.217	0.032	0	
9	0.739	0.222	0.039	0	
10	0.742	0.218	0.04	0	
11	0.743	0.219	0.038	0	
12	0.753	0.21	0.037	0	
13	0.761	0.202	0.037	0	
14	0.767	0.199	0.034	0	
15	0.777	0.19	0.033	0	
16	0.797	0.174	0.029	0	
17	0.815	0.161	0.024	0	
18	0.837	0.144	0.019	0	
19	0.849	0.137	0.014	0	
20	0.862	0.126	0.012	0	
21	0.856	0.13	0.014	0	
22	0.846	0.138	0.016	0	
23	0.823	0.157	0.02	0	
24	0.775	0.195	0.03	0	
25	0.728	0.236	0.036	0	


配构件编号：	12
Floor	DS1	DS2	DS3	DS4
1	0.998	0.002	0	0	
2	0.998	0.002	0	0	
3	0.995	0.005	0	0	
4	0.989	0.011	0	0	
5	0.99	0.01	0	0	
6	0.987	0.013	0	0	
7	0.989	0.011	0	0	
8	0.986	0.014	0	0	
9	0.982	0.018	0	0	
10	0.982	0.018	0	0	
11	0.984	0.016	0	0	
12	0.985	0.015	0	0	
13	0.983	0.017	0	0	
14	0.981	0.019	0	0	
15	0.985	0.015	0	0	
16	0.985	0.015	0	0	
17	0.988	0.012	0	0	
18	0.99	0.01	0	0	
19	0.993	0.007	0	0	
20	0.993	0.007	0	0	
21	0.993	0.007	0	0	
22	0.994	0.006	0	0	
23	0.992	0.008	0	0	
24	0.986	0.014	0	0	
25	0.979	0.021	0	0	


配构件编号：	13
Floor	DS1	DS2	DS3	DS4
1	0.952	0.036	0.012	0	
2	0.951	0.036	0.013	0	
3	0.95	0.03	0.02	0	
4	0.941	0.029	0.03	0	
5	0.94	0.031	0.029	0	
6	0.936	0.034	0.03	0	
7	0.93	0.039	0.031	0	
8	0.923	0.044	0.033	0	
9	0.915	0.047	0.038	0	
10	0.91	0.047	0.043	0	
11	0.915	0.043	0.042	0	
12	0.915	0.047	0.038	0	
13	0.918	0.047	0.035	0	
14	0.918	0.047	0.035	0	
15	0.923	0.044	0.033	0	
16	0.933	0.037	0.03	0	
17	0.945	0.033	0.022	0	
18	0.953	0.031	0.016	0	
19	0.962	0.024	0.014	0	
20	0.965	0.02	0.015	0	
21	0.962	0.022	0.016	0	
22	0.955	0.029	0.016	0	
23	0.945	0.036	0.019	0	
24	0.935	0.035	0.03	0	
25	0.915	0.043	0.042	0	


配构件编号：	14
Floor	DS1	DS2	DS3	DS4
1	0.987	0.013	0	0	
2	0.988	0.012	0	0	
3	0.988	0.012	0	0	
4	0.985	0.015	0	0	
5	0.983	0.017	0	0	
6	0.982	0.018	0	0	
7	0.98	0.02	0	0	
8	0.976	0.024	0	0	
9	0.973	0.027	0	0	
10	0.972	0.028	0	0	
11	0.975	0.025	0	0	
12	0.975	0.025	0	0	
13	0.978	0.022	0	0	
14	0.979	0.021	0	0	
15	0.98	0.02	0	0	
16	0.981	0.018	0.001	0	
17	0.988	0.012	0	0	
18	0.992	0.008	0	0	
19	0.993	0.007	0	0	
20	0.994	0.006	0	0	
21	0.994	0.006	0	0	
22	0.994	0.006	0	0	
23	0.988	0.012	0	0	
24	0.985	0.015	0	0	
25	0.972	0.028	0	0	


配构件编号：	15
Floor	DS1	DS2	DS3	DS4
1	0.789	0.195	0.016	0	
2	0.822	0.167	0.011	0	
3	0.836	0.153	0.011	0	
4	0.812	0.17	0.018	0	
5	0.785	0.195	0.02	0	
6	0.779	0.199	0.022	0	
7	0.773	0.203	0.024	0	
8	0.76	0.216	0.024	0	
9	0.751	0.219	0.03	0	
10	0.74	0.226	0.034	0	
11	0.742	0.223	0.035	0	
12	0.75	0.216	0.034	0	
13	0.761	0.203	0.036	0	
14	0.771	0.196	0.033	0	
15	0.784	0.186	0.03	0	
16	0.803	0.168	0.029	0	
17	0.821	0.16	0.019	0	
18	0.851	0.137	0.012	0	
19	0.876	0.116	0.008	0	
20	0.878	0.112	0.01	0	
21	0.869	0.12	0.011	0	
22	0.855	0.133	0.012	0	
23	0.821	0.162	0.017	0	
24	0.783	0.196	0.021	0	
25	0.74	0.227	0.033	0	


配构件编号：	16
Floor	DS1	DS2	DS3	DS4
1	0.049	0.951	0	0	
2	0.07	0.93	0	0	
3	0.135	0.865	0	0	
4	0.15	0.85	0	0	
5	0.138	0.862	0	0	
6	0.127	0.873	0	0	
7	0.126	0.874	0	0	
8	0.113	0.887	0	0	
9	0.118	0.882	0	0	
10	0.121	0.879	0	0	
11	0.12	0.88	0	0	
12	0.132	0.868	0	0	
13	0.139	0.861	0	0	
14	0.151	0.849	0	0	
15	0.167	0.833	0	0	
16	0.198	0.802	0	0	
17	0.216	0.784	0	0	
18	0.25	0.75	0	0	
19	0.281	0.719	0	0	
20	0.309	0.691	0	0	
21	0.285	0.715	0	0	
22	0.259	0.741	0	0	
23	0.19	0.81	0	0	
24	0.137	0.863	0	0	
25	0.092	0.908	0	0	


配构件编号：	17
Floor	DS1	DS2	DS3	DS4
1	0.755	0.245	0	0	
2	0.793	0.207	0	0	
3	0.794	0.206	0	0	
4	0.78	0.22	0	0	
5	0.773	0.227	0	0	
6	0.757	0.243	0	0	
7	0.741	0.259	0	0	
8	0.724	0.276	0	0	
9	0.71	0.29	0	0	
10	0.695	0.305	0	0	
11	0.706	0.294	0	0	
12	0.716	0.284	0	0	
13	0.722	0.278	0	0	
14	0.74	0.26	0	0	
15	0.754	0.246	0	0	
16	0.777	0.223	0	0	
17	0.805	0.195	0	0	
18	0.838	0.162	0	0	
19	0.862	0.138	0	0	
20	0.868	0.132	0	0	
21	0.861	0.139	0	0	
22	0.849	0.151	0	0	
23	0.81	0.19	0	0	
24	0.759	0.241	0	0	
25	0.686	0.314	0	0	


配构件编号：	18
Floor	DS1	DS2	DS3	DS4
1	0.192	0.808	0	0	
2	0.229	0.771	0	0	
3	0.307	0.693	0	0	
4	0.293	0.707	0	0	
5	0.278	0.722	0	0	
6	0.263	0.737	0	0	
7	0.261	0.739	0	0	
8	0.25	0.75	0	0	
9	0.251	0.749	0	0	
10	0.253	0.747	0	0	
11	0.252	0.748	0	0	
12	0.26	0.74	0	0	
13	0.272	0.728	0	0	
14	0.289	0.711	0	0	
15	0.304	0.696	0	0	
16	0.332	0.668	0	0	
17	0.357	0.643	0	0	
18	0.389	0.611	0	0	
19	0.43	0.57	0	0	
20	0.455	0.545	0	0	
21	0.435	0.565	0	0	
22	0.41	0.59	0	0	
23	0.328	0.672	0	0	
24	0.276	0.724	0	0	
25	0.231	0.769	0	0	


配构件编号：	19
Floor	DS1	DS2	DS3	DS4
1	1	0	0	0	
2	1	0	0	0	
3	1	0	0	0	
4	1	0	0	0	
5	1	0	0	0	
6	1	0	0	0	
7	1	0	0	0	
8	1	0	0	0	
9	1	0	0	0	
10	1	0	0	0	
11	1	0	0	0	
12	1	0	0	0	
13	1	0	0	0	
14	1	0	0	0	
15	1	0	0	0	
16	1	0	0	0	
17	1	0	0	0	
18	1	0	0	0	
19	1	0	0	0	
20	1	0	0	0	
21	1	0	0	0	
22	1	0	0	0	
23	1	0	0	0	
24	1	0	0	0	
25	1	0	0	0	


配构件编号：	20
Floor	DS1	DS2	DS3	DS4
1	1	0	0	0	
2	1	0	0	0	
3	1	0	0	0	
4	0.998	0.002	0	0	
5	0.999	0.001	0	0	
6	1	0	0	0	
7	0.999	0.001	0	0	
8	0.997	0.003	0	0	
9	0.995	0.005	0	0	
10	0.995	0.005	0	0	
11	0.997	0.003	0	0	
12	0.997	0.003	0	0	
13	0.996	0.004	0	0	
14	0.996	0.004	0	0	
15	0.996	0.004	0	0	
16	0.996	0.004	0	0	
17	0.996	0.004	0	0	
18	0.998	0.002	0	0	
19	1	0	0	0	
20	1	0	0	0	
21	0.999	0.001	0	0	
22	0.998	0.002	0	0	
23	0.999	0.001	0	0	
24	0.998	0.002	0	0	
25	0.997	0.003	0	0	


配构件编号：	21
Floor	DS1	DS2	DS3	DS4
1	0.998	0.002	0	0	
2	0.997	0.003	0	0	
3	0.996	0.004	0	0	
4	0.995	0.005	0	0	
5	0.993	0.007	0	0	
6	0.993	0.007	0	0	
7	0.993	0.007	0	0	
8	0.993	0.007	0	0	
9	0.991	0.009	0	0	
10	0.992	0.008	0	0	
11	0.992	0.008	0	0	
12	0.992	0.008	0	0	
13	0.991	0.009	0	0	
14	0.991	0.009	0	0	
15	0.992	0.008	0	0	
16	0.992	0.008	0	0	
17	0.992	0.008	0	0	
18	0.994	0.006	0	0	
19	0.995	0.005	0	0	
20	0.996	0.004	0	0	
21	0.996	0.004	0	0	
22	0.996	0.004	0	0	
23	0.995	0.005	0	0	
24	0.996	0.004	0	0	
25	0.994	0.006	0	0	


配构件编号：	22
Floor	DS1	DS2	DS3	DS4
1	1	0	0	0	
2	1	0	0	0	
3	1	0	0	0	
4	1	0	0	0	
5	1	0	0	0	
6	1	0	0	0	
7	0.999	0.001	0	0	
8	0.999	0.001	0	0	
9	0.999	0.001	0	0	
10	0.999	0.001	0	0	
11	0.999	0.001	0	0	
12	0.999	0.001	0	0	
13	0.999	0.001	0	0	
14	1	0	0	0	
15	1	0	0	0	
16	1	0	0	0	
17	1	0	0	0	
18	1	0	0	0	
19	1	0	0	0	
20	1	0	0	0	
21	1	0	0	0	
22	1	0	0	0	
23	1	0	0	0	
24	1	0	0	0	
25	1	0	0	0	


配构件编号：	23
Floor	DS1	DS2	DS3	DS4
1	0.741	0.259	0	0	
2	0.77	0.23	0	0	
3	0.793	0.207	0	0	
4	0.769	0.231	0	0	
5	0.762	0.238	0	0	
6	0.752	0.248	0	0	
7	0.74	0.26	0	0	
8	0.726	0.274	0	0	
9	0.716	0.284	0	0	
10	0.706	0.294	0	0	
11	0.71	0.29	0	0	
12	0.719	0.281	0	0	
13	0.733	0.267	0	0	
14	0.737	0.263	0	0	
15	0.753	0.247	0	0	
16	0.778	0.222	0	0	
17	0.8	0.2	0	0	
18	0.834	0.166	0	0	
19	0.858	0.142	0	0	
20	0.862	0.138	0	0	
21	0.861	0.139	0	0	
22	0.846	0.154	0	0	
23	0.796	0.204	0	0	
24	0.755	0.245	0	0	
25	0.708	0.292	0	0	


配构件编号：	24
Floor	DS1	DS2	DS3	DS4
1	0.163	0.837	0	0	
2	0.201	0.799	0	0	
3	0.276	0.724	0	0	
4	0.279	0.721	0	0	
5	0.251	0.749	0	0	
6	0.232	0.768	0	0	
7	0.235	0.765	0	0	
8	0.208	0.792	0	0	
9	0.215	0.785	0	0	
10	0.212	0.788	0	0	
11	0.213	0.787	0	0	
12	0.231	0.769	0	0	
13	0.245	0.755	0	0	
14	0.263	0.737	0	0	
15	0.286	0.714	0	0	
16	0.329	0.671	0	0	
17	0.35	0.65	0	0	
18	0.4	0.6	0	0	
19	0.446	0.554	0	0	
20	0.464	0.536	0	0	
21	0.428	0.572	0	0	
22	0.409	0.591	0	0	
23	0.329	0.671	0	0	
24	0.256	0.744	0	0	
25	0.193	0.807	0	0	


配构件编号：	25
Floor	DS1	DS2	DS3	DS4
1	0.938	0.062	0	0	
2	0.947	0.053	0	0	
3	0.948	0.052	0	0	
4	0.944	0.056	0	0	
5	0.942	0.058	0	0	
6	0.941	0.059	0	0	
7	0.932	0.068	0	0	
8	0.926	0.074	0	0	
9	0.922	0.078	0	0	
10	0.92	0.08	0	0	
11	0.922	0.078	0	0	
12	0.922	0.078	0	0	
13	0.923	0.077	0	0	
14	0.93	0.07	0	0	
15	0.93	0.07	0	0	
16	0.939	0.061	0	0	
17	0.948	0.052	0	0	
18	0.957	0.043	0	0	
19	0.962	0.038	0	0	
20	0.963	0.037	0	0	
21	0.966	0.034	0	0	
22	0.962	0.038	0	0	
23	0.955	0.045	0	0	
24	0.94	0.06	0	0	
25	0.926	0.074	0	0	


配构件编号：	26
Floor	DS1	DS2	DS3	DS4
1	0.915	0.085	0	0	
2	0.922	0.078	0	0	
3	0.929	0.071	0	0	
4	0.914	0.086	0	0	
5	0.912	0.088	0	0	
6	0.906	0.094	0	0	
7	0.896	0.104	0	0	
8	0.894	0.106	0	0	
9	0.883	0.117	0	0	
10	0.884	0.116	0	0	
11	0.878	0.122	0	0	
12	0.889	0.111	0	0	
13	0.888	0.112	0	0	
14	0.894	0.106	0	0	
15	0.895	0.105	0	0	
16	0.907	0.093	0	0	
17	0.917	0.083	0	0	
18	0.939	0.061	0	0	
19	0.947	0.053	0	0	
20	0.953	0.047	0	0	
21	0.948	0.052	0	0	
22	0.942	0.058	0	0	
23	0.931	0.069	0	0	
24	0.914	0.086	0	0	
25	0.883	0.117	0	0	


配构件编号：	27
Floor	DS1	DS2	DS3	DS4
1	1	0	0	0	
2	1	0	0	0	
3	1	0	0	0	
4	1	0	0	0	
5	1	0	0	0	
6	1	0	0	0	
7	1	0	0	0	
8	1	0	0	0	
9	1	0	0	0	
10	1	0	0	0	
11	1	0	0	0	
12	1	0	0	0	
13	1	0	0	0	
14	1	0	0	0	
15	1	0	0	0	
16	1	0	0	0	
17	1	0	0	0	
18	1	0	0	0	
19	1	0	0	0	
20	1	0	0	0	
21	1	0	0	0	
22	1	0	0	0	
23	1	0	0	0	
24	1	0	0	0	
25	1	0	0	0	


配构件编号：	28
Floor	DS1	DS2	DS3	DS4
1	0.983	0.017	0	0	
2	0.982	0.018	0	0	
3	0.973	0.027	0	0	
4	0.969	0.031	0	0	
5	0.964	0.036	0	0	
6	0.962	0.038	0	0	
7	0.951	0.049	0	0	
8	0.948	0.052	0	0	
9	0.945	0.055	0	0	
10	0.947	0.053	0	0	
11	0.944	0.056	0	0	
12	0.946	0.054	0	0	
13	0.949	0.051	0	0	
14	0.952	0.048	0	0	
15	0.953	0.047	0	0	
16	0.96	0.04	0	0	
17	0.968	0.032	0	0	
18	0.972	0.028	0	0	
19	0.977	0.023	0	0	
20	0.976	0.024	0	0	
21	0.976	0.024	0	0	
22	0.975	0.025	0	0	
23	0.971	0.029	0	0	
24	0.962	0.038	0	0	
25	0.953	0.047	0	0	


